user_id,date,amount,income,expenses,transaction
user_2r4TSoZ0nObgSTbb5VoUUnvpuVP,2024-08-19 21:00:00,433316,433316,0,433316
user_2r4TSoZ0nObgSTbb5VoUUnvpuVP,2024-08-20 21:00:00,-365390,0,365390,-365390
user_2r4TSoZ0nObgSTbb5VoUUnvpuVP,2024-08-20 21:00:00,-470481,0,470481,-470481
user_2r4TSoZ0nObgSTbb5VoUUnvpuVP,2024-08-21 21:00:00,-379121,0,379121,-379121
user_2r4TSoZ0nObgSTbb5VoUUnvpuVP,2024-08-21 21:00:00,-117704,0,117704,-117704
user_2r4TSoZ0nObgSTbb5VoUUnvpuVP,2024-08-22 21:00:00,22150,22150,0,22150
user_2r4TSoZ0nObgSTbb5VoUUnvpuVP,2024-08-22 21:00:00,24802,24802,0,24802
user_2r4TSoZ0nObgSTbb5VoUUnvpuVP,2024-08-22 21:00:00,-109928,0,109928,-109928
user_2r4TSoZ0nObgSTbb5VoUUnvpuVP,2024-08-22 21:00:00,-91277,0,91277,-91277
user_2r4TSoZ0nObgSTbb5VoUUnvpuVP,2024-08-23 21:00:00,50378,50378,0,50378
user_2r4TSoZ0nObgSTbb5VoUUnvpuVP,2024-08-23 21:00:00,71147,71147,0,71147
user_2r4TSoZ0nObgSTbb5VoUUnvpuVP,2024-08-24 21:00:00,245413,245413,0,245413
user_2r4TSoZ0nObgSTbb5VoUUnvpuVP,2024-08-24 21:00:00,11022,11022,0,11022
user_2r4TSoZ0nObgSTbb5VoUUnvpuVP,2024-08-24 21:00:00,-460353,0,460353,-460353
user_2r4TSoZ0nObgSTbb5VoUUnvpuVP,2024-08-24 21:00:00,164868,164868,0,164868
user_2r4TSoZ0nObgSTbb5VoUUnvpuVP,2024-08-25 21:00:00,437355,437355,0,437355
user_2r4TSoZ0nObgSTbb5VoUUnvpuVP,2024-08-26 21:00:00,-151315,0,151315,-151315
user_2r4TSoZ0nObgSTbb5VoUUnvpuVP,2024-08-26 21:00:00,21393,21393,0,21393
user_2r4TSoZ0nObgSTbb5VoUUnvpuVP,2024-08-27 21:00:00,-15236,0,15236,-15236
user_2r4TSoZ0nObgSTbb5VoUUnvpuVP,2024-08-27 21:00:00,-24584,0,24584,-24584
user_2r4TSoZ0nObgSTbb5VoUUnvpuVP,2024-08-28 21:00:00,-230288,0,230288,-230288
user_2r4TSoZ0nObgSTbb5VoUUnvpuVP,2024-08-28 21:00:00,-35198,0,35198,-35198
user_2r4TSoZ0nObgSTbb5VoUUnvpuVP,2024-08-28 21:00:00,-246392,0,246392,-246392
user_2r4TSoZ0nObgSTbb5VoUUnvpuVP,2024-08-28 21:00:00,74630,74630,0,74630
user_2r4TSoZ0nObgSTbb5VoUUnvpuVP,2024-08-29 21:00:00,-168851,0,168851,-168851
user_2r4TSoZ0nObgSTbb5VoUUnvpuVP,2024-08-30 21:00:00,-21441,0,21441,-21441
user_2r4TSoZ0nObgSTbb5VoUUnvpuVP,2024-08-31 21:00:00,-98730,0,98730,-98730
user_2r4TSoZ0nObgSTbb5VoUUnvpuVP,2024-08-31 21:00:00,67075,67075,0,67075
user_2r4TSoZ0nObgSTbb5VoUUnvpuVP,2024-08-31 21:00:00,322190,322190,0,322190
user_2r4TSoZ0nObgSTbb5VoUUnvpuVP,2024-09-01 21:00:00,25877,25877,0,25877
user_2r4TSoZ0nObgSTbb5VoUUnvpuVP,2024-09-01 21:00:00,-442061,0,442061,-442061
user_2r4TSoZ0nObgSTbb5VoUUnvpuVP,2024-09-02 21:00:00,-26677,0,26677,-26677
user_2r4TSoZ0nObgSTbb5VoUUnvpuVP,2024-09-02 21:00:00,-203998,0,203998,-203998
user_2r4TSoZ0nObgSTbb5VoUUnvpuVP,2024-09-02 21:00:00,19149,19149,0,19149
user_2r4TSoZ0nObgSTbb5VoUUnvpuVP,2024-09-03 21:00:00,158748,158748,0,158748
user_2r4TSoZ0nObgSTbb5VoUUnvpuVP,2024-09-03 21:00:00,-71451,0,71451,-71451
user_2r4TSoZ0nObgSTbb5VoUUnvpuVP,2024-09-03 21:00:00,-98568,0,98568,-98568
user_2r4TSoZ0nObgSTbb5VoUUnvpuVP,2024-09-04 21:00:00,-14124,0,14124,-14124
user_2r4TSoZ0nObgSTbb5VoUUnvpuVP,2024-09-04 21:00:00,60238,60238,0,60238
user_2r4TSoZ0nObgSTbb5VoUUnvpuVP,2024-09-04 21:00:00,-185566,0,185566,-185566
user_2r4TSoZ0nObgSTbb5VoUUnvpuVP,2024-09-04 21:00:00,42206,42206,0,42206
user_2r4TSoZ0nObgSTbb5VoUUnvpuVP,2024-09-05 21:00:00,243904,243904,0,243904
user_2r4TSoZ0nObgSTbb5VoUUnvpuVP,2024-09-05 21:00:00,55579,55579,0,55579
user_2r4TSoZ0nObgSTbb5VoUUnvpuVP,2024-09-05 21:00:00,-32086,0,32086,-32086
user_2r4TSoZ0nObgSTbb5VoUUnvpuVP,2024-09-06 21:00:00,102244,102244,0,102244
user_2r4TSoZ0nObgSTbb5VoUUnvpuVP,2024-09-06 21:00:00,-109044,0,109044,-109044
user_2r4TSoZ0nObgSTbb5VoUUnvpuVP,2024-09-06 21:00:00,-98604,0,98604,-98604
user_2r4TSoZ0nObgSTbb5VoUUnvpuVP,2024-09-06 21:00:00,77467,77467,0,77467
user_2r4TSoZ0nObgSTbb5VoUUnvpuVP,2024-09-07 21:00:00,172168,172168,0,172168
user_2r4TSoZ0nObgSTbb5VoUUnvpuVP,2024-09-07 21:00:00,99535,99535,0,99535
user_2r4TSoZ0nObgSTbb5VoUUnvpuVP,2024-09-08 21:00:00,22195,22195,0,22195
user_2r4TSoZ0nObgSTbb5VoUUnvpuVP,2024-09-08 21:00:00,-12014,0,12014,-12014
user_2r4TSoZ0nObgSTbb5VoUUnvpuVP,2024-09-08 21:00:00,454378,454378,0,454378
user_2r4TSoZ0nObgSTbb5VoUUnvpuVP,2024-09-08 21:00:00,-17690,0,17690,-17690
user_2r4TSoZ0nObgSTbb5VoUUnvpuVP,2024-09-09 21:00:00,-88662,0,88662,-88662
user_2r4TSoZ0nObgSTbb5VoUUnvpuVP,2024-09-09 21:00:00,-205217,0,205217,-205217
user_2r4TSoZ0nObgSTbb5VoUUnvpuVP,2024-09-10 21:00:00,54965,54965,0,54965
user_2r4TSoZ0nObgSTbb5VoUUnvpuVP,2024-09-11 21:00:00,21903,21903,0,21903
user_2r4TSoZ0nObgSTbb5VoUUnvpuVP,2024-09-11 21:00:00,156152,156152,0,156152
user_2r4TSoZ0nObgSTbb5VoUUnvpuVP,2024-09-11 21:00:00,23419,23419,0,23419
user_2r4TSoZ0nObgSTbb5VoUUnvpuVP,2024-09-12 21:00:00,160842,160842,0,160842
user_2r4TSoZ0nObgSTbb5VoUUnvpuVP,2024-09-12 21:00:00,-109522,0,109522,-109522
user_2r4TSoZ0nObgSTbb5VoUUnvpuVP,2024-09-12 21:00:00,-62880,0,62880,-62880
user_2r4TSoZ0nObgSTbb5VoUUnvpuVP,2024-09-13 21:00:00,165109,165109,0,165109
user_2r4TSoZ0nObgSTbb5VoUUnvpuVP,2024-09-13 21:00:00,84903,84903,0,84903
user_2r4TSoZ0nObgSTbb5VoUUnvpuVP,2024-09-16 00:00:00,598840,598840,0,598840
user_2r4TSoZ0nObgSTbb5VoUUnvpuVP,2024-09-13 21:00:00,-92224,0,92224,-92224
user_2r4TSoZ0nObgSTbb5VoUUnvpuVP,2024-09-13 21:00:00,-25370,0,25370,-25370
user_2r4TSoZ0nObgSTbb5VoUUnvpuVP,2024-09-14 21:00:00,132397,132397,0,132397
user_2r4TSoZ0nObgSTbb5VoUUnvpuVP,2024-09-14 21:00:00,405297,405297,0,405297
user_2r4TSoZ0nObgSTbb5VoUUnvpuVP,2024-09-14 21:00:00,118574,118574,0,118574
user_2r4TSoZ0nObgSTbb5VoUUnvpuVP,2024-09-14 21:00:00,155911,155911,0,155911
user_2r4TSoZ0nObgSTbb5VoUUnvpuVP,2024-09-15 21:00:00,-175791,0,175791,-175791
user_2r4TSoZ0nObgSTbb5VoUUnvpuVP,2024-09-15 21:00:00,348517,348517,0,348517
user_2r4TSoZ0nObgSTbb5VoUUnvpuVP,2024-09-15 21:00:00,107209,107209,0,107209
user_2r4TSoZ0nObgSTbb5VoUUnvpuVP,2024-09-15 21:00:00,-24750,0,24750,-24750
user_2r4TSoZ0nObgSTbb5VoUUnvpuVP,2024-09-16 21:00:00,-300619,0,300619,-300619
user_2r4TSoZ0nObgSTbb5VoUUnvpuVP,2024-09-16 21:00:00,-74038,0,74038,-74038
user_2r4TSoZ0nObgSTbb5VoUUnvpuVP,2024-09-17 21:00:00,170487,170487,0,170487
user_2r4TSoZ0nObgSTbb5VoUUnvpuVP,2024-09-17 21:00:00,-59679,0,59679,-59679
user_2r4TSoZ0nObgSTbb5VoUUnvpuVP,2024-09-17 21:00:00,34075,34075,0,34075
user_2r4TSoZ0nObgSTbb5VoUUnvpuVP,2024-09-17 21:00:00,91983,91983,0,91983
user_2r4TSoZ0nObgSTbb5VoUUnvpuVP,2024-09-18 21:00:00,207433,207433,0,207433
user_2r4TSoZ0nObgSTbb5VoUUnvpuVP,2024-09-18 21:00:00,-249016,0,249016,-249016
user_2r4TSoZ0nObgSTbb5VoUUnvpuVP,2024-09-19 21:00:00,-138593,0,138593,-138593
user_2r4TSoZ0nObgSTbb5VoUUnvpuVP,2024-09-19 21:00:00,-118927,0,118927,-118927
user_2r4TSoZ0nObgSTbb5VoUUnvpuVP,2024-09-20 21:00:00,21750,21750,0,21750
user_2r4TSoZ0nObgSTbb5VoUUnvpuVP,2024-09-20 21:00:00,-206582,0,206582,-206582
user_2r4TSoZ0nObgSTbb5VoUUnvpuVP,2024-09-20 21:00:00,21293,21293,0,21293
user_2r4TSoZ0nObgSTbb5VoUUnvpuVP,2024-09-21 21:00:00,22308,22308,0,22308
user_2r4TSoZ0nObgSTbb5VoUUnvpuVP,2024-09-21 21:00:00,-222417,0,222417,-222417
user_2r4TSoZ0nObgSTbb5VoUUnvpuVP,2024-09-21 21:00:00,112078,112078,0,112078
user_2r4TSoZ0nObgSTbb5VoUUnvpuVP,2024-09-21 21:00:00,-84368,0,84368,-84368
user_2r4TSoZ0nObgSTbb5VoUUnvpuVP,2024-09-22 21:00:00,-26323,0,26323,-26323
user_2r4TSoZ0nObgSTbb5VoUUnvpuVP,2024-09-22 21:00:00,42135,42135,0,42135
user_2r4TSoZ0nObgSTbb5VoUUnvpuVP,2024-09-22 21:00:00,94719,94719,0,94719
user_2r4TSoZ0nObgSTbb5VoUUnvpuVP,2024-09-22 21:00:00,28758,28758,0,28758
user_2r4TSoZ0nObgSTbb5VoUUnvpuVP,2024-09-23 21:00:00,15090,15090,0,15090
user_2r4TSoZ0nObgSTbb5VoUUnvpuVP,2024-09-23 21:00:00,-47026,0,47026,-47026
user_2r4TSoZ0nObgSTbb5VoUUnvpuVP,2024-09-23 21:00:00,-208890,0,208890,-208890
user_2r4TSoZ0nObgSTbb5VoUUnvpuVP,2024-09-23 21:00:00,-57167,0,57167,-57167
user_2r4TSoZ0nObgSTbb5VoUUnvpuVP,2024-09-24 21:00:00,30543,30543,0,30543
user_2r4TSoZ0nObgSTbb5VoUUnvpuVP,2024-09-24 21:00:00,371151,371151,0,371151
user_2r4TSoZ0nObgSTbb5VoUUnvpuVP,2024-09-24 21:00:00,-205613,0,205613,-205613
user_2r4TSoZ0nObgSTbb5VoUUnvpuVP,2024-09-24 21:00:00,-125709,0,125709,-125709
user_2r4TSoZ0nObgSTbb5VoUUnvpuVP,2024-09-25 21:00:00,340263,340263,0,340263
user_2r4TSoZ0nObgSTbb5VoUUnvpuVP,2024-09-25 21:00:00,29002,29002,0,29002
user_2r4TSoZ0nObgSTbb5VoUUnvpuVP,2024-09-26 21:00:00,-347065,0,347065,-347065
user_2r4TSoZ0nObgSTbb5VoUUnvpuVP,2024-09-26 21:00:00,174754,174754,0,174754
user_2r4TSoZ0nObgSTbb5VoUUnvpuVP,2024-09-26 21:00:00,131035,131035,0,131035
user_2r4TSoZ0nObgSTbb5VoUUnvpuVP,2024-09-26 21:00:00,-36432,0,36432,-36432
user_2r4TSoZ0nObgSTbb5VoUUnvpuVP,2024-09-27 21:00:00,39459,39459,0,39459
user_2r4TSoZ0nObgSTbb5VoUUnvpuVP,2024-09-27 21:00:00,268371,268371,0,268371
user_2r4TSoZ0nObgSTbb5VoUUnvpuVP,2024-09-27 21:00:00,392816,392816,0,392816
user_2r4TSoZ0nObgSTbb5VoUUnvpuVP,2024-09-27 21:00:00,94232,94232,0,94232
user_2r4TSoZ0nObgSTbb5VoUUnvpuVP,2024-09-28 21:00:00,183600,183600,0,183600
user_2r4TSoZ0nObgSTbb5VoUUnvpuVP,2024-09-28 21:00:00,-36795,0,36795,-36795
user_2r4TSoZ0nObgSTbb5VoUUnvpuVP,2024-09-29 21:00:00,31949,31949,0,31949
user_2r4TSoZ0nObgSTbb5VoUUnvpuVP,2024-09-29 21:00:00,108682,108682,0,108682
user_2r4TSoZ0nObgSTbb5VoUUnvpuVP,2024-09-29 21:00:00,471358,471358,0,471358
user_2r4TSoZ0nObgSTbb5VoUUnvpuVP,2024-09-29 21:00:00,26093,26093,0,26093
user_2r4TSoZ0nObgSTbb5VoUUnvpuVP,2024-09-30 21:00:00,145315,145315,0,145315
user_2r4TSoZ0nObgSTbb5VoUUnvpuVP,2024-10-01 21:00:00,142274,142274,0,142274
user_2r4TSoZ0nObgSTbb5VoUUnvpuVP,2024-10-02 21:00:00,-42706,0,42706,-42706
user_2r4TSoZ0nObgSTbb5VoUUnvpuVP,2024-10-02 21:00:00,-385625,0,385625,-385625
user_2r4TSoZ0nObgSTbb5VoUUnvpuVP,2024-10-02 21:00:00,-115232,0,115232,-115232
user_2r4TSoZ0nObgSTbb5VoUUnvpuVP,2024-10-03 21:00:00,-56069,0,56069,-56069
user_2r4TSoZ0nObgSTbb5VoUUnvpuVP,2024-10-03 21:00:00,26639,26639,0,26639
user_2r4TSoZ0nObgSTbb5VoUUnvpuVP,2024-10-03 21:00:00,32863,32863,0,32863
user_2r4TSoZ0nObgSTbb5VoUUnvpuVP,2024-10-03 21:00:00,167317,167317,0,167317
user_2r4TSoZ0nObgSTbb5VoUUnvpuVP,2024-10-04 21:00:00,-48343,0,48343,-48343
user_2r4TSoZ0nObgSTbb5VoUUnvpuVP,2024-03-08 00:00:00,153040,153040,0,153040
user_2r4TSoZ0nObgSTbb5VoUUnvpuVP,2024-10-05 21:00:00,439792,439792,0,439792
user_2r4TSoZ0nObgSTbb5VoUUnvpuVP,2024-10-05 21:00:00,-286280,0,286280,-286280
user_2r4TSoZ0nObgSTbb5VoUUnvpuVP,2024-10-06 21:00:00,-17443,0,17443,-17443
user_2r4TSoZ0nObgSTbb5VoUUnvpuVP,2024-10-07 21:00:00,80791,80791,0,80791
user_2r4TSoZ0nObgSTbb5VoUUnvpuVP,2024-10-07 21:00:00,420084,420084,0,420084
user_2r4TSoZ0nObgSTbb5VoUUnvpuVP,2024-10-07 21:00:00,152454,152454,0,152454
user_2r4TSoZ0nObgSTbb5VoUUnvpuVP,2024-10-08 21:00:00,-22405,0,22405,-22405
user_2r4TSoZ0nObgSTbb5VoUUnvpuVP,2024-10-08 21:00:00,321983,321983,0,321983
user_2r4TSoZ0nObgSTbb5VoUUnvpuVP,2024-10-08 21:00:00,-266093,0,266093,-266093
user_2r4TSoZ0nObgSTbb5VoUUnvpuVP,2024-10-09 21:00:00,370493,370493,0,370493
user_2r4TSoZ0nObgSTbb5VoUUnvpuVP,2024-10-09 21:00:00,122487,122487,0,122487
user_2r4TSoZ0nObgSTbb5VoUUnvpuVP,2024-10-09 21:00:00,12056,12056,0,12056
user_2r4TSoZ0nObgSTbb5VoUUnvpuVP,2024-10-09 21:00:00,89151,89151,0,89151
user_2r4TSoZ0nObgSTbb5VoUUnvpuVP,2024-10-10 21:00:00,153908,153908,0,153908
user_2r4TSoZ0nObgSTbb5VoUUnvpuVP,2024-10-10 21:00:00,52174,52174,0,52174
user_2r4TSoZ0nObgSTbb5VoUUnvpuVP,2024-10-11 21:00:00,-43251,0,43251,-43251
user_2r4TSoZ0nObgSTbb5VoUUnvpuVP,2024-10-11 21:00:00,183311,183311,0,183311
user_2r4TSoZ0nObgSTbb5VoUUnvpuVP,2024-10-12 21:00:00,23762,23762,0,23762
user_2r4TSoZ0nObgSTbb5VoUUnvpuVP,2024-10-13 21:00:00,41312,41312,0,41312
user_2r4TSoZ0nObgSTbb5VoUUnvpuVP,2024-10-13 21:00:00,112587,112587,0,112587
user_2r4TSoZ0nObgSTbb5VoUUnvpuVP,2024-10-14 21:00:00,28354,28354,0,28354
user_2r4TSoZ0nObgSTbb5VoUUnvpuVP,2024-10-14 21:00:00,-25973,0,25973,-25973
user_2r4TSoZ0nObgSTbb5VoUUnvpuVP,2024-10-14 21:00:00,-108829,0,108829,-108829
user_2r4TSoZ0nObgSTbb5VoUUnvpuVP,2024-10-14 21:00:00,56725,56725,0,56725
user_2r4TSoZ0nObgSTbb5VoUUnvpuVP,2024-10-15 21:00:00,24643,24643,0,24643
user_2r4TSoZ0nObgSTbb5VoUUnvpuVP,2024-10-15 21:00:00,-401631,0,401631,-401631
user_2r4TSoZ0nObgSTbb5VoUUnvpuVP,2024-10-15 21:00:00,-31958,0,31958,-31958
user_2r4TSoZ0nObgSTbb5VoUUnvpuVP,2024-10-16 21:00:00,-239849,0,239849,-239849
user_2r4TSoZ0nObgSTbb5VoUUnvpuVP,2024-10-17 21:00:00,120755,120755,0,120755
user_2r4TSoZ0nObgSTbb5VoUUnvpuVP,2024-10-17 21:00:00,-98589,0,98589,-98589
user_2r4TSoZ0nObgSTbb5VoUUnvpuVP,2024-10-18 21:00:00,88604,88604,0,88604
user_2r4TSoZ0nObgSTbb5VoUUnvpuVP,2024-10-19 21:00:00,-147800,0,147800,-147800
user_2r4TSoZ0nObgSTbb5VoUUnvpuVP,2024-10-19 21:00:00,-55048,0,55048,-55048
user_2r4TSoZ0nObgSTbb5VoUUnvpuVP,2024-10-20 21:00:00,108784,108784,0,108784
user_2r4TSoZ0nObgSTbb5VoUUnvpuVP,2024-10-20 21:00:00,-131167,0,131167,-131167
user_2r4TSoZ0nObgSTbb5VoUUnvpuVP,2024-10-21 21:00:00,-117122,0,117122,-117122
user_2r4TSoZ0nObgSTbb5VoUUnvpuVP,2024-10-22 21:00:00,92492,92492,0,92492
user_2r4TSoZ0nObgSTbb5VoUUnvpuVP,2024-10-22 21:00:00,21258,21258,0,21258
user_2r4TSoZ0nObgSTbb5VoUUnvpuVP,2024-10-22 21:00:00,167491,167491,0,167491
user_2r4TSoZ0nObgSTbb5VoUUnvpuVP,2024-10-22 21:00:00,-34291,0,34291,-34291
user_2r4TSoZ0nObgSTbb5VoUUnvpuVP,2024-10-23 21:00:00,108581,108581,0,108581
user_2r4TSoZ0nObgSTbb5VoUUnvpuVP,2024-10-23 21:00:00,-24472,0,24472,-24472
user_2r4TSoZ0nObgSTbb5VoUUnvpuVP,2024-10-23 21:00:00,-115556,0,115556,-115556
user_2r4TSoZ0nObgSTbb5VoUUnvpuVP,2024-10-23 21:00:00,-153425,0,153425,-153425
user_2r4TSoZ0nObgSTbb5VoUUnvpuVP,2024-10-24 21:00:00,268994,268994,0,268994
user_2r4TSoZ0nObgSTbb5VoUUnvpuVP,2024-10-25 21:00:00,64147,64147,0,64147
user_2r4TSoZ0nObgSTbb5VoUUnvpuVP,2024-10-25 21:00:00,39488,39488,0,39488
user_2r4TSoZ0nObgSTbb5VoUUnvpuVP,2024-10-25 21:00:00,98322,98322,0,98322
user_2r4TSoZ0nObgSTbb5VoUUnvpuVP,2024-10-25 21:00:00,-59550,0,59550,-59550
user_2r4TSoZ0nObgSTbb5VoUUnvpuVP,2024-10-26 21:00:00,157030,157030,0,157030
user_2r4TSoZ0nObgSTbb5VoUUnvpuVP,2024-10-27 21:00:00,-69803,0,69803,-69803
user_2r4TSoZ0nObgSTbb5VoUUnvpuVP,2024-10-27 21:00:00,-243778,0,243778,-243778
user_2r4TSoZ0nObgSTbb5VoUUnvpuVP,2024-10-28 21:00:00,434022,434022,0,434022
user_2r4TSoZ0nObgSTbb5VoUUnvpuVP,2024-10-28 21:00:00,-100794,0,100794,-100794
user_2r4TSoZ0nObgSTbb5VoUUnvpuVP,2024-10-29 21:00:00,12145,12145,0,12145
user_2r4TSoZ0nObgSTbb5VoUUnvpuVP,2024-10-29 21:00:00,-15399,0,15399,-15399
user_2r4TSoZ0nObgSTbb5VoUUnvpuVP,2024-10-29 21:00:00,418369,418369,0,418369
user_2r4TSoZ0nObgSTbb5VoUUnvpuVP,2024-10-30 21:00:00,-15167,0,15167,-15167
user_2r4TSoZ0nObgSTbb5VoUUnvpuVP,2024-10-30 21:00:00,39711,39711,0,39711
user_2r4TSoZ0nObgSTbb5VoUUnvpuVP,2024-10-30 21:00:00,143149,143149,0,143149
user_2r4TSoZ0nObgSTbb5VoUUnvpuVP,2024-10-31 21:00:00,-289509,0,289509,-289509
user_2r4TSoZ0nObgSTbb5VoUUnvpuVP,2024-11-01 21:00:00,108903,108903,0,108903
user_2r4TSoZ0nObgSTbb5VoUUnvpuVP,2024-11-01 21:00:00,428959,428959,0,428959
user_2r4TSoZ0nObgSTbb5VoUUnvpuVP,2024-11-01 21:00:00,248872,248872,0,248872
user_2r4TSoZ0nObgSTbb5VoUUnvpuVP,2024-11-02 21:00:00,198474,198474,0,198474
user_2r4TSoZ0nObgSTbb5VoUUnvpuVP,2024-11-07 00:00:00,510020,510020,0,510020
user_2r4TSoZ0nObgSTbb5VoUUnvpuVP,2024-11-03 21:00:00,71985,71985,0,71985
user_2r4TSoZ0nObgSTbb5VoUUnvpuVP,2024-11-03 21:00:00,-37311,0,37311,-37311
user_2r4TSoZ0nObgSTbb5VoUUnvpuVP,2024-11-03 21:00:00,-27237,0,27237,-27237
user_2r4TSoZ0nObgSTbb5VoUUnvpuVP,2024-11-04 21:00:00,242689,242689,0,242689
user_2r4TSoZ0nObgSTbb5VoUUnvpuVP,2024-11-05 21:00:00,397715,397715,0,397715
user_2r4TSoZ0nObgSTbb5VoUUnvpuVP,2024-11-06 21:00:00,228067,228067,0,228067
user_2r4TSoZ0nObgSTbb5VoUUnvpuVP,2024-11-07 21:00:00,-17492,0,17492,-17492
user_2r4TSoZ0nObgSTbb5VoUUnvpuVP,2024-11-07 21:00:00,94792,94792,0,94792
user_2r4TSoZ0nObgSTbb5VoUUnvpuVP,2024-11-07 21:00:00,98969,98969,0,98969
user_2r4TSoZ0nObgSTbb5VoUUnvpuVP,2024-11-07 21:00:00,293383,293383,0,293383
user_2r4TSoZ0nObgSTbb5VoUUnvpuVP,2024-11-08 21:00:00,235936,235936,0,235936
user_2r4TSoZ0nObgSTbb5VoUUnvpuVP,2024-11-08 21:00:00,68318,68318,0,68318
user_2r4TSoZ0nObgSTbb5VoUUnvpuVP,2024-11-08 21:00:00,18264,18264,0,18264
user_2r4TSoZ0nObgSTbb5VoUUnvpuVP,2024-11-08 21:00:00,-22012,0,22012,-22012
user_2r4TSoZ0nObgSTbb5VoUUnvpuVP,2024-11-09 21:00:00,221085,221085,0,221085
user_2r4TSoZ0nObgSTbb5VoUUnvpuVP,2024-11-09 21:00:00,21659,21659,0,21659
user_2r4TSoZ0nObgSTbb5VoUUnvpuVP,2024-11-10 21:00:00,-139642,0,139642,-139642
user_2r4TSoZ0nObgSTbb5VoUUnvpuVP,2024-11-10 21:00:00,-35008,0,35008,-35008
user_2r4TSoZ0nObgSTbb5VoUUnvpuVP,2024-11-11 21:00:00,70229,70229,0,70229
user_2r4TSoZ0nObgSTbb5VoUUnvpuVP,2024-11-11 21:00:00,72909,72909,0,72909
user_2r4TSoZ0nObgSTbb5VoUUnvpuVP,2024-11-11 21:00:00,-117203,0,117203,-117203
user_2r4TSoZ0nObgSTbb5VoUUnvpuVP,2024-11-11 21:00:00,-428927,0,428927,-428927
user_2r4TSoZ0nObgSTbb5VoUUnvpuVP,2024-11-12 21:00:00,-21237,0,21237,-21237
user_2r4TSoZ0nObgSTbb5VoUUnvpuVP,2024-11-12 21:00:00,14610,14610,0,14610
user_2r4TSoZ0nObgSTbb5VoUUnvpuVP,2024-11-12 21:00:00,29793,29793,0,29793
user_2r4TSoZ0nObgSTbb5VoUUnvpuVP,2024-11-13 21:00:00,113290,113290,0,113290
user_2r4TSoZ0nObgSTbb5VoUUnvpuVP,2024-11-14 21:00:00,-161357,0,161357,-161357
user_2r4TSoZ0nObgSTbb5VoUUnvpuVP,2024-11-14 21:00:00,-32134,0,32134,-32134
user_2r4TSoZ0nObgSTbb5VoUUnvpuVP,2024-11-14 21:00:00,221895,221895,0,221895
user_2r4TSoZ0nObgSTbb5VoUUnvpuVP,2025-01-04 21:00:00,600000,600000,0,600000
user_2r4TSoZ0nObgSTbb5VoUUnvpuVP,2024-11-28 00:00:00,460610,460610,0,460610
user_2r4TSoZ0nObgSTbb5VoUUnvpuVP,2024-04-25 00:00:00,475930,475930,0,475930
user_2r4TSoZ0nObgSTbb5VoUUnvpuVP,2024-04-15 00:00:00,623220,623220,0,623220
user_2r4TSoZ0nObgSTbb5VoUUnvpuVP,2024-03-15 00:00:00,928960,928960,0,928960
user_2r4TSoZ0nObgSTbb5VoUUnvpuVP,2024-08-10 00:00:00,180850,180850,0,180850
user_2r4TSoZ0nObgSTbb5VoUUnvpuVP,2024-06-29 00:00:00,538650,538650,0,538650
user_2r4TSoZ0nObgSTbb5VoUUnvpuVP,2024-11-06 00:00:00,524270,524270,0,524270
user_2r4TSoZ0nObgSTbb5VoUUnvpuVP,2024-03-23 00:00:00,729650,729650,0,729650
user_2r4TSoZ0nObgSTbb5VoUUnvpuVP,2024-06-30 00:00:00,800160,800160,0,800160
user_2r4TSoZ0nObgSTbb5VoUUnvpuVP,2024-08-30 00:00:00,696740,696740,0,696740
user_2r4TSoZ0nObgSTbb5VoUUnvpuVP,2024-03-26 00:00:00,225520,225520,0,225520
user_2r4TSoZ0nObgSTbb5VoUUnvpuVP,2024-08-30 00:00:00,651530,651530,0,651530
user_2r4TSoZ0nObgSTbb5VoUUnvpuVP,2024-11-20 00:00:00,90430,90430,0,90430
user_2r4TSoZ0nObgSTbb5VoUUnvpuVP,2024-06-17 00:00:00,114810,114810,0,114810
user_2r4TSoZ0nObgSTbb5VoUUnvpuVP,2024-12-31 00:00:00,538290,538290,0,538290
user_2r4TSoZ0nObgSTbb5VoUUnvpuVP,2024-03-24 00:00:00,778910,778910,0,778910
user_2r4TSoZ0nObgSTbb5VoUUnvpuVP,2024-07-16 00:00:00,780910,780910,0,780910
user_2r4TSoZ0nObgSTbb5VoUUnvpuVP,2024-03-27 00:00:00,300070,300070,0,300070
user_2r4TSoZ0nObgSTbb5VoUUnvpuVP,2024-05-13 00:00:00,221700,221700,0,221700
user_2r4TSoZ0nObgSTbb5VoUUnvpuVP,2024-07-23 00:00:00,651860,651860,0,651860
user_2r4TSoZ0nObgSTbb5VoUUnvpuVP,2024-02-09 00:00:00,920820,920820,0,920820
user_2r4TSoZ0nObgSTbb5VoUUnvpuVP,2024-04-20 00:00:00,571810,571810,0,571810
user_2r4TSoZ0nObgSTbb5VoUUnvpuVP,2024-02-03 00:00:00,130020,130020,0,130020
user_2r4TSoZ0nObgSTbb5VoUUnvpuVP,2024-05-04 00:00:00,554810,554810,0,554810
user_2r4TSoZ0nObgSTbb5VoUUnvpuVP,2024-12-04 00:00:00,56520,56520,0,56520
user_2r4TSoZ0nObgSTbb5VoUUnvpuVP,2024-09-20 00:00:00,815100,815100,0,815100
user_2r4TSoZ0nObgSTbb5VoUUnvpuVP,2024-12-04 00:00:00,941920,941920,0,941920
user_2r4TSoZ0nObgSTbb5VoUUnvpuVP,2024-06-21 00:00:00,707030,707030,0,707030
user_2r4TSoZ0nObgSTbb5VoUUnvpuVP,2024-07-03 00:00:00,27480,27480,0,27480
user_2r4TSoZ0nObgSTbb5VoUUnvpuVP,2024-11-05 00:00:00,315880,315880,0,315880
user_2r4TSoZ0nObgSTbb5VoUUnvpuVP,2024-02-15 00:00:00,793090,793090,0,793090
user_2r4TSoZ0nObgSTbb5VoUUnvpuVP,2024-07-24 00:00:00,56020,56020,0,56020
user_2r4TSoZ0nObgSTbb5VoUUnvpuVP,2024-07-15 00:00:00,217530,217530,0,217530
user_2r4TSoZ0nObgSTbb5VoUUnvpuVP,2024-10-22 00:00:00,811720,811720,0,811720
user_2r4TSoZ0nObgSTbb5VoUUnvpuVP,2024-07-24 00:00:00,88710,88710,0,88710
user_2r4TSoZ0nObgSTbb5VoUUnvpuVP,2024-12-20 00:00:00,10490,10490,0,10490
user_2r4TSoZ0nObgSTbb5VoUUnvpuVP,2024-03-07 00:00:00,741860,741860,0,741860
user_2r4TSoZ0nObgSTbb5VoUUnvpuVP,2024-04-08 00:00:00,776170,776170,0,776170
user_2r4TSoZ0nObgSTbb5VoUUnvpuVP,2024-07-01 00:00:00,418530,418530,0,418530
user_2r4TSoZ0nObgSTbb5VoUUnvpuVP,2024-02-17 00:00:00,77330,77330,0,77330
user_2r4TSoZ0nObgSTbb5VoUUnvpuVP,2024-09-22 00:00:00,339610,339610,0,339610
user_2r4TSoZ0nObgSTbb5VoUUnvpuVP,2024-03-13 00:00:00,979550,979550,0,979550
user_2r4TSoZ0nObgSTbb5VoUUnvpuVP,2024-03-13 00:00:00,677670,677670,0,677670
user_2r4TSoZ0nObgSTbb5VoUUnvpuVP,2025-01-04 21:00:00,-1000000,0,1000000,-1000000
user_2r4TSoZ0nObgSTbb5VoUUnvpuVP,2024-08-02 00:00:00,585930,585930,0,585930
user_2r4TSoZ0nObgSTbb5VoUUnvpuVP,2024-12-01 00:00:00,34420,34420,0,34420
user_2r4TSoZ0nObgSTbb5VoUUnvpuVP,2024-03-08 00:00:00,708500,708500,0,708500
user_2r4TSoZ0nObgSTbb5VoUUnvpuVP,2024-02-04 00:00:00,185160,185160,0,185160
user_2r4TSoZ0nObgSTbb5VoUUnvpuVP,2024-11-15 21:00:00,31456,31456,0,31456
user_2r4TSoZ0nObgSTbb5VoUUnvpuVP,2024-11-15 21:00:00,16634,16634,0,16634
user_2r4TSoZ0nObgSTbb5VoUUnvpuVP,2024-11-15 21:00:00,129607,129607,0,129607
user_2r4TSoZ0nObgSTbb5VoUUnvpuVP,2024-11-15 21:00:00,-39485,0,39485,-39485
user_2r4TSoZ0nObgSTbb5VoUUnvpuVP,2024-11-16 21:00:00,36958,36958,0,36958
user_2r4TSoZ0nObgSTbb5VoUUnvpuVP,2024-11-16 21:00:00,97152,97152,0,97152
user_2r4TSoZ0nObgSTbb5VoUUnvpuVP,2024-11-17 21:00:00,-390155,0,390155,-390155
user_2r4TSoZ0nObgSTbb5VoUUnvpuVP,2024-11-17 21:00:00,330842,330842,0,330842
user_2r4TSoZ0nObgSTbb5VoUUnvpuVP,2024-11-18 21:00:00,-106366,0,106366,-106366
user_2r4TSoZ0nObgSTbb5VoUUnvpuVP,2024-11-18 21:00:00,-315883,0,315883,-315883
user_2r4TSoZ0nObgSTbb5VoUUnvpuVP,2024-11-18 21:00:00,-10363,0,10363,-10363
user_2r4TSoZ0nObgSTbb5VoUUnvpuVP,2024-11-18 21:00:00,-37987,0,37987,-37987
user_2r4TSoZ0nObgSTbb5VoUUnvpuVP,2024-11-19 21:00:00,117482,117482,0,117482
user_2r4TSoZ0nObgSTbb5VoUUnvpuVP,2024-11-19 21:00:00,-137307,0,137307,-137307
user_2r4TSoZ0nObgSTbb5VoUUnvpuVP,2024-11-19 21:00:00,-85596,0,85596,-85596
user_2r4TSoZ0nObgSTbb5VoUUnvpuVP,2024-11-19 21:00:00,233359,233359,0,233359
user_2r4TSoZ0nObgSTbb5VoUUnvpuVP,2024-11-20 21:00:00,138255,138255,0,138255
user_2r4TSoZ0nObgSTbb5VoUUnvpuVP,2024-11-20 21:00:00,-192767,0,192767,-192767
user_2r4TSoZ0nObgSTbb5VoUUnvpuVP,2024-11-21 21:00:00,-223357,0,223357,-223357
user_2r4TSoZ0nObgSTbb5VoUUnvpuVP,2024-11-21 21:00:00,66544,66544,0,66544
user_2r4TSoZ0nObgSTbb5VoUUnvpuVP,2024-11-21 21:00:00,101410,101410,0,101410
user_2r4TSoZ0nObgSTbb5VoUUnvpuVP,2024-11-21 21:00:00,31802,31802,0,31802
user_2r4TSoZ0nObgSTbb5VoUUnvpuVP,2024-11-22 21:00:00,-136864,0,136864,-136864
user_2r4TSoZ0nObgSTbb5VoUUnvpuVP,2024-11-22 21:00:00,-46413,0,46413,-46413
user_2r4TSoZ0nObgSTbb5VoUUnvpuVP,2024-11-22 21:00:00,105345,105345,0,105345
user_2r4TSoZ0nObgSTbb5VoUUnvpuVP,2024-11-23 21:00:00,-75203,0,75203,-75203
user_2r4TSoZ0nObgSTbb5VoUUnvpuVP,2024-11-23 21:00:00,-176984,0,176984,-176984
user_2r4TSoZ0nObgSTbb5VoUUnvpuVP,2024-11-23 21:00:00,55863,55863,0,55863
user_2r4TSoZ0nObgSTbb5VoUUnvpuVP,2024-11-23 21:00:00,15192,15192,0,15192
user_2r4TSoZ0nObgSTbb5VoUUnvpuVP,2024-11-24 21:00:00,126447,126447,0,126447
user_2r4TSoZ0nObgSTbb5VoUUnvpuVP,2024-11-25 21:00:00,39151,39151,0,39151
user_2r4TSoZ0nObgSTbb5VoUUnvpuVP,2024-11-26 21:00:00,-82291,0,82291,-82291
user_2r4TSoZ0nObgSTbb5VoUUnvpuVP,2024-11-27 21:00:00,47500,47500,0,47500
user_2r4TSoZ0nObgSTbb5VoUUnvpuVP,2024-11-28 21:00:00,-113903,0,113903,-113903
user_2r4TSoZ0nObgSTbb5VoUUnvpuVP,2024-11-28 21:00:00,-118464,0,118464,-118464
user_2r4TSoZ0nObgSTbb5VoUUnvpuVP,2024-11-28 21:00:00,294215,294215,0,294215
user_2r4TSoZ0nObgSTbb5VoUUnvpuVP,2024-11-28 21:00:00,144432,144432,0,144432
user_2r4TSoZ0nObgSTbb5VoUUnvpuVP,2024-11-29 21:00:00,198419,198419,0,198419
user_2r4TSoZ0nObgSTbb5VoUUnvpuVP,2024-11-29 21:00:00,-397491,0,397491,-397491
user_2r4TSoZ0nObgSTbb5VoUUnvpuVP,2024-11-29 21:00:00,-232773,0,232773,-232773
user_2r4TSoZ0nObgSTbb5VoUUnvpuVP,2024-11-29 21:00:00,115986,115986,0,115986
user_2r4TSoZ0nObgSTbb5VoUUnvpuVP,2024-11-30 21:00:00,94147,94147,0,94147
user_2r4TSoZ0nObgSTbb5VoUUnvpuVP,2024-11-30 21:00:00,-184797,0,184797,-184797
user_2r4TSoZ0nObgSTbb5VoUUnvpuVP,2024-11-30 21:00:00,-39117,0,39117,-39117
user_2r4TSoZ0nObgSTbb5VoUUnvpuVP,2024-12-01 21:00:00,-75068,0,75068,-75068
user_2r4TSoZ0nObgSTbb5VoUUnvpuVP,2024-12-01 21:00:00,-139174,0,139174,-139174
user_2r4TSoZ0nObgSTbb5VoUUnvpuVP,2024-12-02 21:00:00,63125,63125,0,63125
user_2r4TSoZ0nObgSTbb5VoUUnvpuVP,2024-12-03 21:00:00,-68566,0,68566,-68566
user_2r4TSoZ0nObgSTbb5VoUUnvpuVP,2024-12-03 21:00:00,-39787,0,39787,-39787
user_2r4TSoZ0nObgSTbb5VoUUnvpuVP,2024-12-03 21:00:00,-427042,0,427042,-427042
user_2r4TSoZ0nObgSTbb5VoUUnvpuVP,2024-12-04 21:00:00,-459734,0,459734,-459734
user_2r4TSoZ0nObgSTbb5VoUUnvpuVP,2024-12-04 21:00:00,101714,101714,0,101714
user_2r4TSoZ0nObgSTbb5VoUUnvpuVP,2024-12-05 21:00:00,-92310,0,92310,-92310
user_2r4TSoZ0nObgSTbb5VoUUnvpuVP,2024-12-05 21:00:00,25184,25184,0,25184
user_2r4TSoZ0nObgSTbb5VoUUnvpuVP,2024-12-06 21:00:00,19092,19092,0,19092
user_2r4TSoZ0nObgSTbb5VoUUnvpuVP,2024-12-06 21:00:00,10141,10141,0,10141
user_2r4TSoZ0nObgSTbb5VoUUnvpuVP,2024-12-06 21:00:00,31217,31217,0,31217
user_2r4TSoZ0nObgSTbb5VoUUnvpuVP,2024-12-07 21:00:00,27595,27595,0,27595
user_2r4TSoZ0nObgSTbb5VoUUnvpuVP,2024-12-08 21:00:00,471824,471824,0,471824
user_2r4TSoZ0nObgSTbb5VoUUnvpuVP,2024-12-08 21:00:00,246044,246044,0,246044
user_2r4TSoZ0nObgSTbb5VoUUnvpuVP,2024-12-08 21:00:00,-66547,0,66547,-66547
user_2r4TSoZ0nObgSTbb5VoUUnvpuVP,2024-12-08 21:00:00,-454134,0,454134,-454134
user_2r4TSoZ0nObgSTbb5VoUUnvpuVP,2024-12-09 21:00:00,-89287,0,89287,-89287
user_2r4TSoZ0nObgSTbb5VoUUnvpuVP,2024-12-10 21:00:00,292414,292414,0,292414
user_2r4TSoZ0nObgSTbb5VoUUnvpuVP,2024-12-10 21:00:00,-61526,0,61526,-61526
user_2r4TSoZ0nObgSTbb5VoUUnvpuVP,2024-12-10 21:00:00,-404850,0,404850,-404850
user_2r4TSoZ0nObgSTbb5VoUUnvpuVP,2024-12-11 21:00:00,-218752,0,218752,-218752
user_2r4TSoZ0nObgSTbb5VoUUnvpuVP,2024-12-12 21:00:00,37698,37698,0,37698
user_2r4TSoZ0nObgSTbb5VoUUnvpuVP,2024-12-13 21:00:00,-38840,0,38840,-38840
user_2r4TSoZ0nObgSTbb5VoUUnvpuVP,2024-12-14 21:00:00,-38365,0,38365,-38365
user_2r4TSoZ0nObgSTbb5VoUUnvpuVP,2024-12-15 21:00:00,34108,34108,0,34108
user_2r4TSoZ0nObgSTbb5VoUUnvpuVP,2024-12-15 21:00:00,-83633,0,83633,-83633
user_2r4TSoZ0nObgSTbb5VoUUnvpuVP,2024-12-15 21:00:00,-484879,0,484879,-484879
user_2r4TSoZ0nObgSTbb5VoUUnvpuVP,2024-12-16 21:00:00,-19533,0,19533,-19533
user_2r4TSoZ0nObgSTbb5VoUUnvpuVP,2024-12-16 21:00:00,183154,183154,0,183154
user_2r4TSoZ0nObgSTbb5VoUUnvpuVP,2024-12-16 21:00:00,-20506,0,20506,-20506
user_2r4TSoZ0nObgSTbb5VoUUnvpuVP,2024-12-17 21:00:00,-232949,0,232949,-232949
user_2r4TSoZ0nObgSTbb5VoUUnvpuVP,2024-12-17 21:00:00,351141,351141,0,351141
user_2r4TSoZ0nObgSTbb5VoUUnvpuVP,2024-12-17 21:00:00,-169318,0,169318,-169318
user_2r4TSoZ0nObgSTbb5VoUUnvpuVP,2024-12-18 21:00:00,-125768,0,125768,-125768
user_2r4TSoZ0nObgSTbb5VoUUnvpuVP,2024-12-19 21:00:00,32980,32980,0,32980
user_2r4TSoZ0nObgSTbb5VoUUnvpuVP,2024-12-19 21:00:00,105503,105503,0,105503
user_2r4TSoZ0nObgSTbb5VoUUnvpuVP,2024-12-20 21:00:00,-43691,0,43691,-43691
user_2r4TSoZ0nObgSTbb5VoUUnvpuVP,2024-12-21 21:00:00,-21176,0,21176,-21176
user_2r4TSoZ0nObgSTbb5VoUUnvpuVP,2024-12-21 21:00:00,-176871,0,176871,-176871
user_2r4TSoZ0nObgSTbb5VoUUnvpuVP,2024-12-21 21:00:00,47224,47224,0,47224
user_2r4TSoZ0nObgSTbb5VoUUnvpuVP,2024-12-21 21:00:00,165187,165187,0,165187
user_2r4TSoZ0nObgSTbb5VoUUnvpuVP,2024-12-22 21:00:00,-459698,0,459698,-459698
user_2r4TSoZ0nObgSTbb5VoUUnvpuVP,2024-12-23 21:00:00,-27348,0,27348,-27348
user_2r4TSoZ0nObgSTbb5VoUUnvpuVP,2024-12-24 21:00:00,62011,62011,0,62011
user_2r4TSoZ0nObgSTbb5VoUUnvpuVP,2024-12-24 21:00:00,-155814,0,155814,-155814
user_2r4TSoZ0nObgSTbb5VoUUnvpuVP,2024-12-24 21:00:00,37223,37223,0,37223
user_2r4TSoZ0nObgSTbb5VoUUnvpuVP,2024-12-24 21:00:00,-19021,0,19021,-19021
user_2r4TSoZ0nObgSTbb5VoUUnvpuVP,2024-12-25 21:00:00,81407,81407,0,81407
user_2r4TSoZ0nObgSTbb5VoUUnvpuVP,2024-12-25 21:00:00,-21798,0,21798,-21798
user_2r4TSoZ0nObgSTbb5VoUUnvpuVP,2024-12-25 21:00:00,19485,19485,0,19485
user_2r4TSoZ0nObgSTbb5VoUUnvpuVP,2024-12-26 21:00:00,32177,32177,0,32177
user_2r4TSoZ0nObgSTbb5VoUUnvpuVP,2024-12-26 21:00:00,-76192,0,76192,-76192
user_2r4TSoZ0nObgSTbb5VoUUnvpuVP,2024-12-26 21:00:00,180320,180320,0,180320
user_2r4TSoZ0nObgSTbb5VoUUnvpuVP,2024-12-26 21:00:00,73331,73331,0,73331
user_2r4TSoZ0nObgSTbb5VoUUnvpuVP,2024-12-27 21:00:00,-116476,0,116476,-116476
user_2r4TSoZ0nObgSTbb5VoUUnvpuVP,2024-12-27 21:00:00,-277092,0,277092,-277092
user_2r4TSoZ0nObgSTbb5VoUUnvpuVP,2024-12-27 21:00:00,100502,100502,0,100502
user_2r4TSoZ0nObgSTbb5VoUUnvpuVP,2024-12-28 21:00:00,408551,408551,0,408551
user_2r4TSoZ0nObgSTbb5VoUUnvpuVP,2024-12-28 21:00:00,22681,22681,0,22681
user_2r4TSoZ0nObgSTbb5VoUUnvpuVP,2024-12-28 21:00:00,-24994,0,24994,-24994
user_2r4TSoZ0nObgSTbb5VoUUnvpuVP,2024-12-29 21:00:00,-224319,0,224319,-224319
user_2r4TSoZ0nObgSTbb5VoUUnvpuVP,2024-12-29 21:00:00,67098,67098,0,67098
user_2r4TSoZ0nObgSTbb5VoUUnvpuVP,2024-12-29 21:00:00,89638,89638,0,89638
user_2r4TSoZ0nObgSTbb5VoUUnvpuVP,2024-12-29 21:00:00,139628,139628,0,139628
user_2r4TSoZ0nObgSTbb5VoUUnvpuVP,2024-12-30 21:00:00,57054,57054,0,57054
user_2r4TSoZ0nObgSTbb5VoUUnvpuVP,2024-12-30 21:00:00,13763,13763,0,13763
user_2r4TSoZ0nObgSTbb5VoUUnvpuVP,2024-12-30 21:00:00,218078,218078,0,218078
user_2r4TSoZ0nObgSTbb5VoUUnvpuVP,2024-12-30 21:00:00,44796,44796,0,44796
user_2r4TSoZ0nObgSTbb5VoUUnvpuVP,2024-12-31 21:00:00,213283,213283,0,213283
user_2r4TSoZ0nObgSTbb5VoUUnvpuVP,2025-01-01 21:00:00,122490,122490,0,122490
user_2r4TSoZ0nObgSTbb5VoUUnvpuVP,2025-01-02 21:00:00,-19582,0,19582,-19582
user_2r4TSoZ0nObgSTbb5VoUUnvpuVP,2025-01-02 21:00:00,308777,308777,0,308777
user_2r4TSoZ0nObgSTbb5VoUUnvpuVP,2025-01-03 21:00:00,35248,35248,0,35248
user_2r4TSoZ0nObgSTbb5VoUUnvpuVP,2025-01-03 21:00:00,-260253,0,260253,-260253
user_2r4TSoZ0nObgSTbb5VoUUnvpuVP,2025-01-04 21:00:00,381636,381636,0,381636
user_2r4TSoZ0nObgSTbb5VoUUnvpuVP,2025-01-04 21:00:00,173334,173334,0,173334
user_2r4TSoZ0nObgSTbb5VoUUnvpuVP,2025-01-04 21:00:00,480353,480353,0,480353
user_2r4TSoZ0nObgSTbb5VoUUnvpuVP,2025-01-04 21:00:00,136204,136204,0,136204
user_2r4TSoZ0nObgSTbb5VoUUnvpuVP,2025-01-05 21:00:00,16548,16548,0,16548
user_2r4TSoZ0nObgSTbb5VoUUnvpuVP,2025-01-05 21:00:00,-111732,0,111732,-111732
user_2r4TSoZ0nObgSTbb5VoUUnvpuVP,2025-01-05 21:00:00,-112615,0,112615,-112615
user_2r4TSoZ0nObgSTbb5VoUUnvpuVP,2025-01-06 21:00:00,-184362,0,184362,-184362
user_2r4TSoZ0nObgSTbb5VoUUnvpuVP,2025-01-07 21:00:00,84417,84417,0,84417
user_2r4TSoZ0nObgSTbb5VoUUnvpuVP,2025-01-07 21:00:00,-329408,0,329408,-329408
user_2r4TSoZ0nObgSTbb5VoUUnvpuVP,2025-01-07 21:00:00,11801,11801,0,11801
user_2r4TSoZ0nObgSTbb5VoUUnvpuVP,2025-01-08 21:00:00,-73890,0,73890,-73890
user_2r4TSoZ0nObgSTbb5VoUUnvpuVP,2025-01-08 21:00:00,38118,38118,0,38118
user_2r4TSoZ0nObgSTbb5VoUUnvpuVP,2025-01-08 21:00:00,36711,36711,0,36711
user_2r4TSoZ0nObgSTbb5VoUUnvpuVP,2025-01-09 21:00:00,220803,220803,0,220803
user_2r4TSoZ0nObgSTbb5VoUUnvpuVP,2025-01-09 21:00:00,136291,136291,0,136291
user_2r4TSoZ0nObgSTbb5VoUUnvpuVP,2025-01-10 21:00:00,116855,116855,0,116855
user_2r4TSoZ0nObgSTbb5VoUUnvpuVP,2025-01-10 21:00:00,167586,167586,0,167586
user_2r4TSoZ0nObgSTbb5VoUUnvpuVP,2025-01-11 21:00:00,-33238,0,33238,-33238
user_2r4TSoZ0nObgSTbb5VoUUnvpuVP,2025-01-12 21:00:00,39495,39495,0,39495
user_2r4TSoZ0nObgSTbb5VoUUnvpuVP,2025-01-12 21:00:00,40799,40799,0,40799
user_2r4TSoZ0nObgSTbb5VoUUnvpuVP,2025-01-12 21:00:00,103578,103578,0,103578
user_2r4TSoZ0nObgSTbb5VoUUnvpuVP,2025-01-13 21:00:00,54766,54766,0,54766
user_2r4TSoZ0nObgSTbb5VoUUnvpuVP,2025-01-13 21:00:00,-122959,0,122959,-122959
user_2r4TSoZ0nObgSTbb5VoUUnvpuVP,2025-01-13 21:00:00,14035,14035,0,14035
user_2r4TSoZ0nObgSTbb5VoUUnvpuVP,2025-01-14 21:00:00,323968,323968,0,323968
user_2r4TSoZ0nObgSTbb5VoUUnvpuVP,2025-01-14 21:00:00,148002,148002,0,148002
user_2r4TSoZ0nObgSTbb5VoUUnvpuVP,2025-01-15 21:00:00,-459916,0,459916,-459916
user_2r4TSoZ0nObgSTbb5VoUUnvpuVP,2025-01-16 21:00:00,158552,158552,0,158552
user_2r4TSoZ0nObgSTbb5VoUUnvpuVP,2025-01-16 21:00:00,-178117,0,178117,-178117
